200300000001,200300000003,200300000005	13464
200300000001,200300000003,200300000005,200300000007	22531
200300000001,200300000005,200300000007	15100
200300000003,200300000007	3296004
200300000005,200300000001,200300000003	11
200300000008,200300000004	15
200300000001,200300000003,200300000006	44
200300000001,200300000005,200300000008	15
200300000002,200300000001,200300000007	18
200300000002,200300000003	2475
200300000002,200300000008,200300000006	18
200300000003,200300000005,200300000002	20
200300000003,200300000006,200300000007	39
200300000003,200300000008	1194
200300000001,200300000002,200300000003,200300000004	21
200300000001,200300000003,200300000007	53754
200300000001,200300000003,200300000007,10050000000	13
200300000002,200300000004	2200
200300000005,200300000003,200300000007	5691
200300000007,200300000001	124
200300000007,200300000003,200300000001	21
200300000008,200300000006	409
200300000001,200300000002,200300000003	118
200300000001,200300000003,200300000008	12
200300000002,200300000005	259
200300000003,200300000005,200300000004	61
200300000007,200300000002	2440
200300000001,200300000002,200300000004	32
200300000001,200300000003,200300000002,200300000004	14
200300000002,200300000006	2486
200300000005,200300000001	391
200300000005,200300000007,200300000001	44
200300000007,200300000003	6584
200300000001,200300000002	1608
200300000001,200300000002,200300000003,200300000007	11
200300000001,200300000002,200300000005	13
200300000001,200300000003,200300000007,200300000002	23
200300000001,200300000007,200300000002	33
200300000002,200300000007	1969
200300000003,200300000005,200300000006	16
200300000005,200300000002	520
200300000005,200300000007,200300000002	51
200300000007,200300000004	2092
200300000001,200300000003	260899
200300000001,200300000007,200300000003	153
200300000002,200300000008	712
200300000003,200300000005,200300000007	43572
200300000005,200300000003	26404
200300000005,200300000007,200300000003	348
200300000007,200300000001,200300000003	103
200300000007,200300000005	137
200300000001,200300000002,200300000007	30
200300000001,200300000004	536
200300000001,200300000007,200300000004	40
200300000003,200300000005,200300000008	19
200300000004,200300000008,200300000006	44
200300000005,200300000004	415
200300000005,200300000006,200300000007	32
200300000005,200300000007,200300000004	15
200300000007,200300000006	189
200300000001,200300000005	239829
200300000001,200300000005,200300000003,200300000007	90
200300000001,200300000007,200300000005	58
200300000002,200300000004,200300000008,10050000001	31
200300000006,200300000002	38
200300000001,200300000003,200300000002,10050000000	48
200300000001,200300000006	694
200300000003,200300000004,200300000005	23
200300000004,200300000001	11
200300000005,200300000006	301
200300000005,200300000007,200300000006	24
200300000006,200300000003	25
200300000007,200300000008	444
200300000001	578375
200300000001,200300000007	122911
200300000003,200300000002,200300000004	314
200300000003,200300000005,200300000007,	179
200300000003,200300000007,200300000001	1738
200300000004,200300000002	70
200300000005,200300000007	117486
200300000001,200300000007,200300000008	62
200300000001,200300000008	363
200300000002	377384
200300000003,200300000004,200300000007	135
200300000003,200300000007,200300000002	163
200300000004,200300000003	87
200300000005,200300000008	330
200300000001,200300000002,200300000003,200300000004,200300000005,200300000006,200300000007,200300000008	38
200300000002,200300000004,200300000008,200300000006	52
200300000003	3127579
200300000003,200300000004,200300000008	32
200300000003,200300000007,	57
200300000002,200300000004,200300000006	21
200300000003,200300000007,200300000004	101
200300000004	256789
200300000004,200300000005	251
200300000006,200300000007	197
200300000003,200300000001	213
200300000003,200300000002,200300000008	23
200300000003,200300000007,200300000005	1839
200300000004,200300000006	586
200300000005	368556
200300000006,200300000008	118
200300000007,200300000005,200300000003	36
200300000001,200300000005,200300000002	34
200300000002,200300000004,200300000008	54
200300000003,200300000002	2395
200300000003,200300000007,200300000006	14
200300000004,200300000007	1254
200300000006	103652
200300000001,200300000003,200300000005,10050000000	2072
200300000001,200300000005,200300000003	833
200300000002,200300000003,200300000004	105
200300000003,	15
200300000004,200300000008	1944
200300000005,200300000003,200300000001	17
200300000007	497534
200300000001,200300000003,200300000002	203
200300000003,200300000004	2886
200300000003,200300000007,200300000008	56
200300000008	130856
200300000003,200300000001,200300000007	225
200300000003,200300000005	186752
200300000003,200300000008,200300000006	12
200300000008,200300000002	25
200300000001,200300000003,200300000004	37
200300000002,200300000001	36
200300000002,200300000003,200300000007	265
200300000003,200300000006	1738
200300000008,200300000003	12
