13701065879	2000000000322657	BJHD87614253	1111027378930	116.310127	39.9393
13701065879	2000000000322657	BJHD88796779	1111027377123	116.275844	39.926639
15801378848	2000000000769090	BJHD91108621	1111027380476	116.296442	39.948923
13701065879	2000000000322657	BJSJ85612127	1111027378940	116.222304	39.903778
13701065879	2000000000322657	BJHD88206774	1111027382494	116.344501	39.963975
13701065879	2000000000322657	BJHD89067059	1111027380442	116.303458	39.916914
13701065879	2000000000322657	BJHD89055398	1111027380442	116.303458	39.916914
13701065879	2000000000322657	BJHD84439765	1111027376581	116.307212	39.921583
13701065879	2000000000322657	BJHD88969217	1111027376593	116.303208	39.916075
13701065879	2000000000322657	BJHD00374289	1111027378720	116.314694	39.91831
13701065879	2000000000322657	BJHD84770361	1111027376593	116.303918	39.915719
13701065879	2000000000322657	BJHD84770361	1111027376593	116.303918	39.915719
13701065879	2000000000322657	BJHD84770361	1111027376593	116.303918	39.915719
13701065879	2000000000322657	BJHD84770361	1111027376593	116.303918	39.915719
13701065879	2000000000322657	BJHD84770361	1111027376593	116.303918	39.915719
13701065879	2000000000322657	BJHD84770361	1111027376593	116.303918	39.915719
13701065879	2000000000322657	BJHD88765135	1111027378720	116.311525	39.9176
15801378848	2000000000769090	BJHD90225777	1111027379533	116.334134	39.995914
15801378848	2000000000769090	BJHD90284122	1111027379533	116.334134	39.995914
15801378848	2000000000769090	BJDC91025811	1111027374519	116.454851	39.898639
13701065879	2000000000322657	BJHD84103483	1111027376058	116.330604	39.934189
13701065879	2000000000322657	BJHD86399800	1111027375145	116.366688	39.95464
15801378848	2000000000769090	BJXC92116567	1111027378436	116.328516	39.881932
13701065879	2000000000322657	BJHD87212079	1111027378840	116.332689	39.907589
13701065879	2000000000322657	BJHD89132319	1111027376593	116.3054	39.915663
15801378848	2000000000769090	BJDC91738225	1111027377413	116.415005	39.868749
13701065879	2000000000322657	BJSJ87654516	1111027378058	116.231035	39.917981
13701065879	2000000000322657	BJHD44577748	1111027376614	116.305429	39.920081
15801378848	2000000000769090	BJFT91658217	1111027376929	116.387456	39.847611
13701065879	2000000000322657	BJSJ85447398	1111027375873	116.209507	39.922047
13701065879	2000000000322657	BJHD89307754	1111027376602	116.304513	39.918085
13701065879	2000000000322657	BJSJ85382335	1111027375873	116.210962	39.921632
13701065879	2000000000322657	BJHD84384282	1111027378719	116.311742	39.919602
13701065879	2000000000322657	BJHD87857399	1111027377274	116.357609	39.978335
13701065879	2000000000322657	BJHD84706760	1111027378720	116.314615	39.918634
13701065879	2000000000322657	BJHD87219914	1111027378720	116.314615	39.918634
13701065879	2000000000322657	BJHD89327765	1111027376614	116.304536	39.921297
13701065879	2000000000322657	BJSJ85575362	1111027374503	116.19677	39.921451
13701065879	2000000000322657	BJSJ85898818	1111027377889	116.223357	39.904758
13701065879	2000000000322657	BJHD84568645	1111027377963	116.321395	39.916919
13701065879	2000000000322657	BJHD84244595	1111027382453	116.293966	39.92387
13701065879	2000000000322657	BJHD89051195	1111027378720	116.312747	39.917569
13701065879	2000000000322657	BJHD88619013	1111027374608	116.335529	39.929829
15801378848	2000000000769090	BJFT91487066	1111027374458	116.379476	39.843159
15801378848	2000000000769090	BJHD91799757	1111027378360	116.281715	39.941348
15801378848	2000000000769090	BJHD91799757	1111027378360	116.281715	39.941348
13701065879	2000000000322657	BJFT84520363	1111027377978	116.312043	39.890366
15801378848	2000000000769090	BJHD88813384	1111027375225	116.343489	39.997182
13701065879	2000000000322657	BJHD89175357	1111027381390	116.345187	39.962495
13701065879	2000000000322657	BJHD89138355	1111027377290	116.35769	39.975067
13701065879	2000000000322657	BJHD84452654	1111027377491	116.215786	39.923859
13701065879	2000000000322657	BJHD86595721	1111027377491	116.215786	39.923859
15801378848	2000000000769090	BJCY91844174	1111027382221	116.466992	39.963565
15801378848	2000000000769090	BJHD90889468	1111027376469	116.30459	39.958299
15801378848	2000000000769090	BJFT91646158	1111027378517	116.384983	39.844707
15801378848	2000000000769090	BJCY91964612	1111027382221	116.467643	39.964001
15801378848	2000000000769090	BJHD89941625	1111027378409	116.337398	39.974486
13716039218	2000000000566818	BJHD88591868	1111046342806	116.322905	40.037313
13716039218	2000000000566818	BJHD90900936	1111046342806	116.322187	40.037575
13716039218	2000000000566818	BJHD91394671	1111046342806	116.322986	40.036222
13716039218	2000000000566818	BJHD91323705	1111046342806	116.320767	40.040717
13701065879	2000000000322657	BJHD85986832	1111027377123	116.275894	39.92629
13701065879	2000000000322657	BJSJ85685206	1111027374521	116.196599	39.915371
13701065879	2000000000322657	BJHD86868141	1111027376013	116.298106	39.935491
13701065879	2000000000322657	BJHD88089362	1111027377491	116.214265	39.924498
15801378848	2000000000769090	BJHD91412911	1111027378339	116.313337	39.952515
15801378848	2000000000769090	BJHD91911170	1111027380061	116.281711	40.025389
15801378848	2000000000769090	BJHD91911170	1111027380061	116.281711	40.025389
15801378848	2000000000769090	BJHD91125423	1111027380061	116.281711	40.025389
13701065879	2000000000322657	BJHD86436848	1111027375685	116.282815	39.936294
13701065879	2000000000322657	BJHD86436848	1111027375685	116.282815	39.936294
13701065879	2000000000322657	BJHD86519190	1111027375685	116.282815	39.936294
13701065879	2000000000322657	BJHD86519190	1111027375685	116.282815	39.936294
15801378848	2000000000769090	BJHD91438654	1111027378339	116.314406	39.95182
15801378848	2000000000769090	BJFT91960635	1111027374458	116.380289	39.842491
13701065879	2000000000322657	BJCY85465860	1111027375416	116.389174	39.987571
15801378848	2000000000769090	BJHD91175613	1111027382059	116.284779	39.969087
15801378848	2000000000769090	BJHD91143635	1111027380476	116.296195	39.949808
13701065879	2000000000322657	BJHD84494277	1111027376614	116.304488	39.919897
15801378848	2000000000769090	BJDC91569440	1111027377501	116.412451	39.895231
13701065879	2000000000322657	BJHD88490946	1111027376593	116.30544	39.915331
15801378848	2000000000769090	BJDC91559298	1111027381005	116.420046	39.902073
15801378848	2000000000769090	BJHD89092052	1111027377482	116.283674	39.967003
13701065879	2000000000322657	BJHD84468060	1111027376602	116.303335	39.918799
15801378848	2000000000769090	BJHD89284681	1111027375225	116.343278	39.998016
15801378848	2000000000769090	BJHD91439717	1111027378339	116.312775	39.952875
15801378848	2000000000769090	BJHD90706284	1111027378339	116.312775	39.952875
15801378848	2000000000769090	BJHD91739637	1111027376279	116.302564	40.030836
13701065879	2000000000322657	BJHD84115465	1111027380469	116.293944	39.92498
13701065879	2000000000322657	BJHD89116844	1111027378719	116.311056	39.919607
13701065879	2000000000322657	BJHD88366347	1111027374103	116.292083	39.93546
13701065879	2000000000322657	BJHD87713365	1111027374103	116.292083	39.93546
13701065879	2000000000322657	BJHD84568813	1111027376602	116.302333	39.918956
13701065879	2000000000322657	BJHD84514785	1111027376602	116.302333	39.918956
13701065879	2000000000322657	BJDC85664661	1111027380911	116.415993	39.969611
15801378848	2000000000769090	BJDC90532516	1111027380028	116.407355	39.893576
13701065879	2000000000322657	BJHD89049734	1111027374608	116.335448	39.930268
13701065879	2000000000322657	BJHD86293781	1111027376013	116.295968	39.934558
13701065879	2000000000322657	BJHD85968147	1111027376013	116.300576	39.936867
15801378848	2000000000769090	BJDC87526208	1111027379704	116.426814	39.911701
13701065879	2000000000322657	BJHD87527901	1111027378720	116.313254	39.917998
13701065879	2000000000322657	BJHD84633043	1111027376597	116.309482	39.920017
13701065879	2000000000322657	BJHD88071562	1111027378719	116.31374	39.919463
13701065879	2000000000322657	BJHD88071562	1111027378719	116.31374	39.919463
15801378848	2000000000769090	BJDC91571233	1111027377501	116.41387	39.896276
13701065879	2000000000322657	BJHD86819676	1111027375932	116.322683	39.944667
13701065879	2000000000322657	BJHD84554366	1111027376593	116.303944	39.915943
15801378848	2000000000769090	BJCY92080585	1111027374224	116.460065	39.966799
15801378848	2000000000769090	BJCY91972796	1111027374224	116.460065	39.966799
13701065879	2000000000322657	BJHD86713128	1111027376896	116.287604	39.9339
15801378848	2000000000769090	BJHD89701919	1111027379533	116.33544	39.996012
15801378848	2000000000769090	BJDC91394950	1111027381005	116.419929	39.902704
15801378848	2000000000769090	BJHD90752142	1111027380061	116.281644	40.026179
13716039218	2000000000566818	BJHD91011094	1111027382464	116.266806	40.058969
15801378848	2000000000769090	BJHD92025363	1111027376279	116.300435	40.031451
13701065879	2000000000322657	BJHD88788319	1111027382494	116.342929	39.96394
13701065879	2000000000322657	BJHD85602752	1111027379333	116.366117	39.956631
13701065879	2000000000322657	BJDC85550650	1111027375572	116.407091	39.958956
13701065879	2000000000322657	BJSJ85938722	1111027374066	116.253736	39.92154
13716039218	2000000000566818	BJHD88292740	1111027379162	116.326446	40.037254
13701065879	2000000000322657	BJHD86443237	1111027377491	116.215589	39.923468
13701065879	2000000000322657	BJSJ87683648	1111027381852	116.240299	39.90901
13716039218	2000000000566818	BJHD91255303	1111046342806	116.323584	40.036325
13716039218	2000000000566818	BJHD91202430	1111046342806	116.322065	40.039108
13716039218	2000000000566818	BJHD91042264	1111046342806	116.320386	40.036819
13716039218	2000000000566818	BJHD87683114	1111046342806	116.321217	40.038007
13716039218	2000000000566818	BJHD88300464	1111046342806	116.320682	40.038048
13716039218	2000000000566818	BJHD88644493	1111046342806	116.32167	40.040817
13716039218	2000000000566818	BJHD88631087	1111046342806	116.32167	40.040817
15801378848	2000000000769090	BJHD91856842	1111027381601	116.293487	39.958809
15801378848	2000000000769090	BJHD91829521	1111027381601	116.294313	39.958809
